6 271 403 597 407 514 263 431 247 439 731 1060 0
23 45 150 738 255 593 449 310 132 574 995 1290 3
27 406 570 926 264 911 427 306 460 376 2130 999 4
31 1487 1188 1340 266 1140 705 585 840 386 5080 1920 8
7 2424 1993 1400 593 1230 626 689 552 756 3850 2050 8
6 223 286 597 407 514 263 431 247 439 731 1060 0
23 43 197 738 255 593 449 310 132 574 995 1290 3
27 269 335 926 264 911 427 306 460 376 2130 999 4
31 1192 617 1340 266 1140 705 585 840 386 5080 1920 8
7 1255 1460 1400 593 1230 626 689 552 756 3850 2050 8
6 24 63 597 407 514 263 431 247 439 731 1060 0
23 37 76 738 255 593 449 310 132 574 995 1290 3
27 29 65 926 264 911 427 306 460 376 2130 999 4
31 113 110 1340 266 1140 705 585 840 386 5080 1920 8
7 517 414 1400 593 1230 626 689 552 756 3850 2050 8
6 64 25 597 407 514 263 431 247 439 731 1060 0
23 24 42 738 255 593 449 310 132 574 995 1290 3
27 334 222 926 264 911 427 306 460 376 2130 999 4
31 354 453 1340 266 1140 705 585 840 386 5080 1920 8
7 420 336 1400 593 1230 626 689 552 756 3850 2050 8
6 165 124 597 407 514 263 431 247 439 731 1060 0
23 30 95 738 255 593 449 310 132 574 995 1290 3
27 1160 762 926 264 911 427 306 460 376 2130 999 4
31 1733 1988 1340 266 1140 705 585 840 386 5080 1920 8
7 1881 1815 1400 593 1230 626 689 552 756 3850 2050 8
6 138 303 597 407 514 263 431 247 439 731 1060 0
23 60 203 738 255 593 449 310 132 574 995 1290 3
27 988 1198 926 264 911 427 306 460 376 2130 999 4
31 3035 2338 1340 266 1140 705 585 840 386 5080 1920 8
7 3108 2955 1400 593 1230 626 689 552 756 3850 2050 8
6 277 601 597 407 514 263 431 247 439 731 1060 0
23 53 276 738 255 593 449 310 132 574 995 1290 3
27 836 1416 926 264 911 427 306 460 376 2130 999 4
31 2957 1826 1340 266 1140 705 585 840 386 5080 1920 8
7 3154 2803 1400 593 1230 626 689 552 756 3850 2050 8
6 205 241 597 407 514 263 431 247 439 731 1060 0
23 38 189 738 255 593 449 310 132 574 995 1290 3
27 438 433 926 264 911 427 306 460 376 2130 999 4
31 762 567 1340 266 1140 705 585 840 386 5080 1920 8
7 1359 1242 1400 593 1230 626 689 552 756 3850 2050 8
6 41 68 597 407 514 263 431 247 439 731 1060 0
23 31 67 738 255 593 449 310 132 574 995 1290 3
27 55 67 926 264 911 427 306 460 376 2130 999 4
31 73 67 1340 266 1140 705 585 840 386 5080 1920 8
7 423 296 1400 593 1230 626 689 552 756 3850 2050 8
6 48 15 597 407 514 263 431 247 439 731 1060 0
23 22 25 738 255 593 449 310 132 574 995 1290 3
27 155 147 926 264 911 427 306 460 376 2130 999 4
31 200 212 1340 266 1140 705 585 840 386 5080 1920 8
7 251 203 1400 593 1230 626 689 552 756 3850 2050 8
6 100 100 597 407 514 263 431 247 439 731 1060 0
23 23 46 738 255 593 449 310 132 574 995 1290 3
27 494 415 926 264 911 427 306 460 376 2130 999 4
31 882 923 1340 266 1140 705 585 840 386 5080 1920 8
7 1196 1073 1400 593 1230 626 689 552 756 3850 2050 8
6 112 244 597 407 514 263 431 247 439 731 1060 0
23 54 137 738 255 593 449 310 132 574 995 1290 3
27 468 747 926 264 911 427 306 460 376 2130 999 4
31 1524 1168 1340 266 1140 705 585 840 386 5080 1920 8
7 2051 1795 1400 593 1230 626 689 552 756 3850 2050 8
6 143 228 597 407 514 263 431 247 439 731 1060 0
23 40 92 738 255 593 449 310 132 574 995 1290 3
27 211 353 926 264 911 427 306 460 376 2130 999 4
31 849 626 1340 266 1140 705 585 840 386 5080 1920 8
7 1679 1502 1400 593 1230 626 689 552 756 3850 2050 8
6 68 133 597 407 514 263 431 247 439 731 1060 0
23 40 90 738 255 593 449 310 132 574 995 1290 3
27 150 118 926 264 911 427 306 460 376 2130 999 4
31 257 267 1340 266 1140 705 585 840 386 5080 1920 8
7 944 733 1400 593 1230 626 689 552 756 3850 2050 8
6 25 42 597 407 514 263 431 247 439 731 1060 0
23 16 36 738 255 593 449 310 132 574 995 1290 3
27 39 56 926 264 911 427 306 460 376 2130 999 4
31 34 56 1340 266 1140 705 585 840 386 5080 1920 8
7 350 211 1400 593 1230 626 689 552 756 3850 2050 8
6 10 7 597 407 514 263 431 247 439 731 1060 0
23 13 17 738 255 593 449 310 132 574 995 1290 3
27 14 41 926 264 911 427 306 460 376 2130 999 4
31 50 28 1340 266 1140 705 585 840 386 5080 1920 8
7 128 73 1400 593 1230 626 689 552 756 3850 2050 8
6 41 45 597 407 514 263 431 247 439 731 1060 0
23 17 29 738 255 593 449 310 132 574 995 1290 3
27 84 101 926 264 911 427 306 460 376 2130 999 4
31 148 122 1340 266 1140 705 585 840 386 5080 1920 8
7 343 279 1400 593 1230 626 689 552 756 3850 2050 8
6 51 70 597 407 514 263 431 247 439 731 1060 0
23 21 40 738 255 593 449 310 132 574 995 1290 3
27 157 130 926 264 911 427 306 460 376 2130 999 4
31 218 231 1340 266 1140 705 585 840 386 5080 1920 8
7 534 521 1400 593 1230 626 689 552 756 3850 2050 8
6 56 84 597 407 514 263 431 247 439 731 1060 0
23 16 61 738 255 593 449 310 132 574 995 1290 3
27 135 115 926 264 911 427 306 460 376 2130 999 4
31 231 248 1340 266 1140 705 585 840 386 5080 1920 8
7 662 670 1400 593 1230 626 689 552 756 3850 2050 8
6 24 86 597 407 514 263 431 247 439 731 1060 0
23 17 55 738 255 593 449 310 132 574 995 1290 3
27 174 82 926 264 911 427 306 460 376 2130 999 4
31 160 155 1340 266 1140 705 585 840 386 5080 1920 8
7 363 441 1400 593 1230 626 689 552 756 3850 2050 8
6 15 26 597 407 514 263 431 247 439 731 1060 0
23 8 21 738 255 593 449 310 132 574 995 1290 3
27 39 21 926 264 911 427 306 460 376 2130 999 4
31 19 28 1340 266 1140 705 585 840 386 5080 1920 8
7 114 91 1400 593 1230 626 689 552 756 3850 2050 8
6 32 20 597 407 514 263 431 247 439 731 1060 0
23 20 17 738 255 593 449 310 132 574 995 1290 3
27 192 106 926 264 911 427 306 460 376 2130 999 4
31 200 278 1340 266 1140 705 585 840 386 5080 1920 8
7 214 187 1400 593 1230 626 689 552 756 3850 2050 8
6 109 98 597 407 514 263 431 247 439 731 1060 0
23 30 63 738 255 593 449 310 132 574 995 1290 3
27 773 405 926 264 911 427 306 460 376 2130 999 4
31 767 923 1340 266 1140 705 585 840 386 5080 1920 8
7 904 1057 1400 593 1230 626 689 552 756 3850 2050 8
6 96 220 597 407 514 263 431 247 439 731 1060 0
23 49 136 738 255 593 449 310 132 574 995 1290 3
27 775 579 926 264 911 427 306 460 376 2130 999 4
31 1354 1215 1340 266 1140 705 585 840 386 5080 1920 8
7 1781 1839 1400 593 1230 626 689 552 756 3850 2050 8
6 173 381 597 407 514 263 431 247 439 731 1060 0
23 49 190 738 255 593 449 310 132 574 995 1290 3
27 606 733 926 264 911 427 306 460 376 2130 999 4
31 1620 1213 1340 266 1140 705 585 840 386 5080 1920 8
7 2118 2102 1400 593 1230 626 689 552 756 3850 2050 8
6 185 245 597 407 514 263 431 247 439 731 1060 0
23 33 157 738 255 593 449 310 132 574 995 1290 3
27 335 306 926 264 911 427 306 460 376 2130 999 4
31 657 544 1340 266 1140 705 585 840 386 5080 1920 8
7 1224 1198 1400 593 1230 626 689 552 756 3850 2050 8
6 54 59 597 407 514 263 431 247 439 731 1060 0
23 42 80 738 255 593 449 310 132 574 995 1290 3
27 58 74 926 264 911 427 306 460 376 2130 999 4
31 56 101 1340 266 1140 705 585 840 386 5080 1920 8
7 531 369 1400 593 1230 626 689 552 756 3850 2050 8
6 37 27 597 407 514 263 431 247 439 731 1060 0
23 16 29 738 255 593 449 310 132 574 995 1290 3
27 264 159 926 264 911 427 306 460 376 2130 999 4
31 253 343 1340 266 1140 705 585 840 386 5080 1920 8
7 275 247 1400 593 1230 626 689 552 756 3850 2050 8
6 130 129 597 407 514 263 431 247 439 731 1060 0
23 37 80 738 255 593 449 310 132 574 995 1290 3
27 971 513 926 264 911 427 306 460 376 2130 999 4
31 1167 1288 1340 266 1140 705 585 840 386 5080 1920 8
7 1346 1513 1400 593 1230 626 689 552 756 3850 2050 8
6 106 249 597 407 514 263 431 247 439 731 1060 0
23 60 159 738 255 593 449 310 132 574 995 1290 3
27 1009 848 926 264 911 427 306 460 376 2130 999 4
31 2041 1719 1340 266 1140 705 585 840 386 5080 1920 8
7 2376 2510 1400 593 1230 626 689 552 756 3850 2050 8
6 195 438 597 407 514 263 431 247 439 731 1060 0
23 70 275 738 255 593 449 310 132 574 995 1290 3
27 935 1244 926 264 911 427 306 460 376 2130 999 4
31 2421 1760 1340 266 1140 705 585 840 386 5080 1920 8
7 2873 2831 1400 593 1230 626 689 552 756 3850 2050 8
6 212 314 597 407 514 263 431 247 439 731 1060 0
23 77 280 738 255 593 449 310 132 574 995 1290 3
27 640 533 926 264 911 427 306 460 376 2130 999 4
31 949 745 1340 266 1140 705 585 840 386 5080 1920 8
7 1852 1821 1400 593 1230 626 689 552 756 3850 2050 8
6 145 222 597 407 514 263 431 247 439 731 1060 0
23 107 252 738 255 593 449 310 132 574 995 1290 3
27 214 234 926 264 911 427 306 460 376 2130 999 4
31 139 252 1340 266 1140 705 585 840 386 5080 1920 8
7 1710 1129 1400 593 1230 626 689 552 756 3850 2050 8
6 39 42 597 407 514 263 431 247 439 731 1060 0
23 32 65 738 255 593 449 310 132 574 995 1290 3
27 29 73 926 264 911 427 306 460 376 2130 999 4
31 96 67 1340 266 1140 705 585 840 386 5080 1920 8
7 346 207 1400 593 1230 626 689 552 756 3850 2050 8
6 67 90 597 407 514 263 431 247 439 731 1060 0
23 32 68 738 255 593 449 310 132 574 995 1290 3
27 411 230 926 264 911 427 306 460 376 2130 999 4
31 548 444 1340 266 1140 705 585 840 386 5080 1920 8
7 906 930 1400 593 1230 626 689 552 756 3850 2050 8
6 102 240 597 407 514 263 431 247 439 731 1060 0
23 49 107 738 255 593 449 310 132 574 995 1290 3
27 662 466 926 264 911 427 306 460 376 2130 999 4
31 1015 1066 1340 266 1140 705 585 840 386 5080 1920 8
7 1895 1888 1400 593 1230 626 689 552 756 3850 2050 8
6 218 357 597 407 514 263 431 247 439 731 1060 0
23 56 176 738 255 593 449 310 132 574 995 1290 3
27 456 710 926 264 911 427 306 460 376 2130 999 4
31 1391 1213 1340 266 1140 705 585 840 386 5080 1920 8
7 2502 2355 1400 593 1230 626 689 552 756 3850 2050 8
6 233 312 597 407 514 263 431 247 439 731 1060 0
23 75 241 738 255 593 449 310 132 574 995 1290 3
27 480 372 926 264 911 427 306 460 376 2130 999 4
31 958 915 1340 266 1140 705 585 840 386 5080 1920 8
7 1987 1897 1400 593 1230 626 689 552 756 3850 2050 8
6 166 273 597 407 514 263 431 247 439 731 1060 0
23 145 324 738 255 593 449 310 132 574 995 1290 3
27 242 259 926 264 911 427 306 460 376 2130 999 4
31 167 310 1340 266 1140 705 585 840 386 5080 1920 8
7 2101 1419 1400 593 1230 626 689 552 756 3850 2050 8
6 42 57 597 407 514 263 431 247 439 731 1060 0
23 46 108 738 255 593 449 310 132 574 995 1290 3
27 37 90 926 264 911 427 306 460 376 2130 999 4
31 89 70 1340 266 1140 705 585 840 386 5080 1920 8
7 533 297 1400 593 1230 626 689 552 756 3850 2050 8
6 68 94 597 407 514 263 431 247 439 731 1060 0
23 21 44 738 255 593 449 310 132 574 995 1290 3
27 274 246 926 264 911 427 306 460 376 2130 999 4
31 411 305 1340 266 1140 705 585 840 386 5080 1920 8
7 727 649 1400 593 1230 626 689 552 756 3850 2050 8
6 100 195 597 407 514 263 431 247 439 731 1060 0
23 32 86 738 255 593 449 310 132 574 995 1290 3
27 479 374 926 264 911 427 306 460 376 2130 999 4
31 723 788 1340 266 1140 705 585 840 386 5080 1920 8
7 1430 1391 1400 593 1230 626 689 552 756 3850 2050 8
