6 1
23 1
27 1
31 1
7 1
6 1
23 1
27 1
31 1
7 1
6 1
23 -1
27 -1
31 1
7 1
6 1
23 1
27 1
31 1
7 1
6 1
23 1
27 1
31 1
7 1
6 1
23 1
27 1
31 1
7 1
6 1
23 1
27 1
31 1
7 1
6 1
23 1
27 1
31 1
7 1
6 1
23 1
27 1
31 -1
7 -1
6 1
23 1
27 1
31 1
7 1
6 1
23 1
27 1
31 1
7 1
6 1
23 1
27 1
31 1
7 1
6 1
23 1
27 1
31 1
7 1
6 1
23 1
27 1
31 1
7 1
6 1
23 1
27 1
31 1
7 1
6 1
23 1
27 1
31 -1
7 -1
6 1
23 1
27 1
31 1
7 1
6 -1
23 1
27 1
31 1
7 1
6 1
23 1
27 1
31 1
7 1
6 1
23 1
27 1
31 -1
7 -1
6 1
23 1
27 1
31 1
7 1
6 1
23 1
27 1
31 1
7 1
6 1
23 1
27 1
31 1
7 1
6 1
23 1
27 1
31 1
7 1
6 1
23 1
27 1
31 1
7 1
6 1
23 1
27 1
31 1
7 1
6 1
23 -1
27 -1
31 1
7 1
6 1
23 1
27 1
31 -1
7 -1
6 1
23 1
27 1
31 1
7 1
6 1
23 1
27 1
31 1
7 1
6 1
23 1
27 1
31 1
7 1
6 1
23 1
27 1
31 1
7 1
6 1
23 1
27 1
31 1
7 1
6 -1
23 -1
27 -1
31 -1
7 -1
6 1
23 1
27 1
31 1
7 1
6 1
23 1
27 1
31 1
7 1
6 1
23 1
27 1
31 1
7 1
6 1
23 1
27 1
31 1
7 1
6 1
23 1
27 1
31 1
7 1
6 -1
23 1
27 1
31 1
7 1
6 1
23 1
27 1
31 1
7 1
6 1
23 1
27 1
31 1
7 1
