6 0
23 0
27 0
31 0
7 0
6 0
23 -1
27 0
31 0
7 0
6 0
23 -1
27 -1
31 -1
7 0
6 0
23 -1
27 -1
31 -1
7 0
6 -1
23 0
27 0
31 0
7 0
6 -1
23 0
27 0
31 0
7 0
6 0
23 0
27 0
31 0
7 0
6 0
23 0
27 0
31 0
7 0
6 0
23 -1
27 0
31 -1
7 -1
6 -1
23 0
27 -1
31 0
7 -1
6 0
23 0
27 0
31 0
7 0
6 0
23 0
27 0
31 0
7 0
6 0
23 -1
27 0
31 0
7 0
6 -1
23 0
27 -1
31 0
7 0
6 -1
23 -1
27 -1
31 -1
7 0
6 0
23 -1
27 -1
31 -1
7 -1
6 -1
23 -1
27 -1
31 -1
7 0
6 -1
23 -1
27 0
31 0
7 0
6 -1
23 0
27 -1
31 0
7 -1
6 -1
23 -1
27 -1
31 -1
7 -1
6 -1
23 -1
27 0
31 0
7 -1
6 -1
23 -1
27 -1
31 -1
7 -1
6 0
23 0
27 -1
31 0
7 0
6 0
23 0
27 -1
31 0
7 0
6 0
23 -1
27 0
31 0
7 0
6 -1
23 0
27 0
31 0
7 0
6 -1
23 -1
27 -1
31 0
7 -1
6 -1
23 -1
27 0
31 -1
7 -1
6 0
23 0
27 0
31 0
7 0
6 0
23 0
27 0
31 0
7 0
6 0
23 0
27 0
31 0
7 0
6 -1
23 0
27 0
31 0
7 -1
6 0
23 0
27 -1
31 -1
7 0
6 -1
23 -1
27 -1
31 -1
7 -1
6 0
23 -1
27 -1
31 0
7 0
6 0
23 -1
27 -1
31 0
7 0
6 0
23 0
27 0
31 0
7 0
6 0
23 0
27 -1
31 0
7 -1
6 0
23 0
27 0
31 -1
7 0
6 -1
23 -1
27 0
31 -1
7 0
6 -1
23 -1
27 -1
31 0
7 0
6 0
23 0
27 0
31 0
7 -1
