7 41 31 77 45 53 52
24 19 12 37 20 56 14
1 10 19 39 98 23 9
90 12 4 37 27 30 1
74 3 18 75 48 36 6
24 39 12 39 34 22 19
62 9 13 38 60 44 26
3 9 42 20 18 46 72
17 9 6 34 15 215 42
15 32 54 29 29 49 103
20 14 27 70 123 95 20
42 21 27 53 64 24 25
0 40 1 167 0 2 1
133 5 3 40 49 58 1
88 6 3 57 43 34 13
48 15 2 146 30 85 4
25 2 5 44 107 25 1
19 0 5 46 32 21 4
9 6 3 62 14 17 4
105 4 5 82 30 41 3
22 10 4 50 29 42 3
9 23 4 151 49 25 2
133 28 2 45 79 59 3
19 16 1 25 32 24 22
103 13 1 64 67 47 2
154 15 5 66 56 41 2
50 23 5 69 65 55 10
125 22 8 100 94 45 16
21 9 2 44 73 31 2
69 21 4 47 51 45 3
19 16 3 41 101 33 7
54 8 3 39 56 63 6
25 31 7 68 97 54 5
2 28 4 102 63 34 4
92 13 6 80 28 44 7
40 34 9 46 72 43 13
0 22 3 24 46 28 6
22 13 3 56 24 29 18
1 10 3 38 100 26 3
6 0 4 37 51 55 5
1 17 5 58 35 65 1
58 4 2 44 34 22 11
0 16 7 53 69 30 1
21 9 2 23 52 43 0
10 41 4 54 41 39 14
181 8 3 66 48 36 1
147 12 6 90 74 55 18
26 32 4 33 19 18 12
66 6 4 29 45 34 0
5 18 7 118 29 33 9
92 0 3 56 49 26 3
35 0 1 51 28 28 0
35 0 5 28 44 33 2
19 38 11 71 68 54 22
45 7 8 38 86 33 51
80 6 5 60 55 44 25
13 5 4 46 15 32 25
20 5 3 54 19 28 8
53 0 2 25 28 29 1
2 16 3 47 35 37 0
33 5 7 34 42 51 2
0 28 5 40 40 32 6
2 27 9 76 57 51 8
1 14 4 30 27 25 25
37 6 9 40 126 50 6
4 41 5 40 41 44 23
18 29 13 94 54 74 23
1 28 5 109 32 40 7
1 16 5 65 55 31 6
9 4 5 38 35 26 5
28 35 3 46 38 41 12
110 33 11 72 56 89 23
0 15 7 40 29 27 10
74 45 14 163 76 89 23
24 20 2 91 66 44 42
27 26 9 118 50 55 20
0 21 5 87 28 30 11