101 0
101 1
101 2
101 3
101 4
101 5
101 6
101 7
101 8
101 9
101 10
101 11
101 12
101 13
101 14
101 15
101 16
101 17
101 18
101 19
101 20
101 21
102 22
102 23
102 24
102 25
102 26
102 27
102 28
102 29
102 30
102 31
102 32
102 33
103 34
103 35
103 36
103 37
103 38
103 39
103 40
103 41
103 42
103 43
103 44
103 45
103 46
103 47
103 48
103 49
103 50
103 51
103 52
103 53
103 54
103 55
103 56
104 57
104 58
104 59
104 60
104 61
104 62
104 63
104 64
104 65
104 66
104 67
104 68
104 69
104 70
104 71
104 72
105 73
105 74
105 75
105 76