217 160 160 75 114 125 91 206 284 0
237 25 90 20 37 20 36 155 292 0
306 323 351 130 260 91 194 455 479 0
261 68 141 75 93 32 113 302 406 2
203 77 183 98 120 51 159 347 425 0
842 843 961 477 574 176 881 1160 1290 6
597 407 514 263 431 247 439 731 1060 0
1400 593 1230 626 689 552 756 3850 2050 8
45 0 10 5 10 5 11 30 57 0
81 5 75 10 30 12 34 154 150 0
70 8 73 19 19 5 23 94 127 0
51 1 23 7 20 3 12 99 92 0
91 8 42 25 20 133 10 100 101 0
236 26 63 19 26 33 35 105 238 0
174 12 83 43 43 15 54 242 310 0
218 61 171 65 62 24 102 200 371 1
93 8 26 13 16 32 17 63 145 0
19 1 10 3 6 2 10 27 42 0
200 4 55 18 14 10 24 121 260 0
25 0 9 7 5 3 7 31 51 0
161 26 118 51 39 14 68 140 264 0
426 120 397 193 155 55 273 456 711 2
84 7 44 17 15 4 16 71 128 0
738 255 593 449 310 132 574 995 1290 3
165 12 85 13 29 14 21 139 251 1
28 1 10 1 2 0 7 29 49 0
16 6 21 14 17 0 14 50 28 1
926 264 911 427 306 460 376 2130 999 4
36 1 16 5 9 2 2 59 41 0
141 6 44 15 17 9 12 107 154 0
271 31 99 157 60 27 72 220 348 1
1340 266 1140 705 585 840 386 5080 1920 8
154 124 162 214 166 54 89 369 232 2
179 13 49 45 34 11 34 91 145 0
52 29 44 15 40 93 12 102 83 0
0 7 5 6 17 1 0 15 6 0
16 3 16 0 5 2 6 29 20 0
60 18 34 15 15 9 26 72 105 0
24 28 40 8 20 6 4 45 50 0
13 4 22 7 12 6 6 24 17 0
157 58 111 95 76 176 34 210 225 0
30 8 24 8 24 41 9 45 48 0
74 19 46 8 18 2 11 60 128 0
106 6 30 10 13 3 14 87 189 0
30 0 10 0 2 2 0 22 42 0
47 2 17 3 6 2 7 48 62 0
0 0 0 0 0 2 1 13 2 0
31 0 11 2 4 2 4 30 37 0
50 2 50 1 9 9 8 45 71 1
6 0 5 6 5 3 1 28 6 0
29 0 8 1 7 0 6 24 47 0
22 0 9 1 7 2 6 21 27 0
17 0 20 5 6 1 3 22 25 0
1 1 1 0 5 0 1 8 0 0
13 2 3 1 8 2 5 14 14 0
124 0 925 9 17 2 41 114 161 0
60 2 30 3 4 4 9 39 71 0
78 5 25 13 9 8 9 69 115 1
52 2 23 4 8 4 10 31 85 0
110 23 66 54 28 13 39 121 180 0
77 3 20 6 23 2 11 62 94 0
45 1 17 1 6 1 3 28 77 0
53 0 17 3 7 2 3 35 63 0
36 0 176 3 7 3 15 17 29 0
88 1 28 3 5 10 10 51 145 0
58 3 14 6 7 3 7 36 81 0
24 2 15 0 6 2 10 23 52 0
23 3 24 4 11 11 4 43 23 0
89 7 37 12 5 8 26 84 116 0
65 2 25 8 8 2 14 42 89 0
59 1 20 3 8 1 14 50 75 0
55 0 11 10 16 4 21 69 108 0
27 0 20 3 5 3 7 43 50 0
42 8 12 3 14 15 15 51 67 0
56 3 16 8 13 5 15 49 101 0
223 8 3620 25 39 27 120 277 152 1
279 213 257 103 144 95 127 308 474 5
